<!DOCTYPE html>

<html xmlns="http://www.w3.org/1999/xhtml">

<head>

<meta charset="utf-8" />
<meta http-equiv="Content-Type" content="text/html; charset=utf-8" />
<meta name="generator" content="pandoc" />




<title>Functional PCA</title>

<script src="site_libs/jquery-1.11.3/jquery.min.js"></script>
<meta name="viewport" content="width=device-width, initial-scale=1" />
<link href="site_libs/bootstrap-3.3.5/css/flatly.min.css" rel="stylesheet" />
<script src="site_libs/bootstrap-3.3.5/js/bootstrap.min.js"></script>
<script src="site_libs/bootstrap-3.3.5/shim/html5shiv.min.js"></script>
<script src="site_libs/bootstrap-3.3.5/shim/respond.min.js"></script>
<script src="site_libs/jqueryui-1.11.4/jquery-ui.min.js"></script>
<link href="site_libs/tocify-1.9.1/jquery.tocify.css" rel="stylesheet" />
<script src="site_libs/tocify-1.9.1/jquery.tocify.js"></script>
<script src="site_libs/navigation-1.1/tabsets.js"></script>
<script src="site_libs/navigation-1.1/codefolding.js"></script>
<link href="site_libs/highlightjs-9.12.0/default.css" rel="stylesheet" />
<script src="site_libs/highlightjs-9.12.0/highlight.js"></script>
<script src="site_libs/htmlwidgets-1.3/htmlwidgets.js"></script>
<script src="site_libs/plotly-binding-4.9.0/plotly.js"></script>
<script src="site_libs/typedarray-0.1/typedarray.min.js"></script>
<link href="site_libs/crosstalk-1.0.0/css/crosstalk.css" rel="stylesheet" />
<script src="site_libs/crosstalk-1.0.0/js/crosstalk.min.js"></script>
<link href="site_libs/plotly-htmlwidgets-css-1.46.1/plotly-htmlwidgets.css" rel="stylesheet" />
<script src="site_libs/plotly-main-1.46.1/plotly-latest.min.js"></script>
<link href="site_libs/font-awesome-5.1.0/css/all.css" rel="stylesheet" />
<link href="site_libs/font-awesome-5.1.0/css/v4-shims.css" rel="stylesheet" />

<style type="text/css">code{white-space: pre;}</style>
<style type="text/css">
  pre:not([class]) {
    background-color: white;
  }
</style>
<script type="text/javascript">
if (window.hljs) {
  hljs.configure({languages: []});
  hljs.initHighlightingOnLoad();
  if (document.readyState && document.readyState === "complete") {
    window.setTimeout(function() { hljs.initHighlighting(); }, 0);
  }
}
</script>



<style type="text/css">
h1 {
  font-size: 34px;
}
h1.title {
  font-size: 38px;
}
h2 {
  font-size: 30px;
}
h3 {
  font-size: 24px;
}
h4 {
  font-size: 18px;
}
h5 {
  font-size: 16px;
}
h6 {
  font-size: 12px;
}
.table th:not([align]) {
  text-align: left;
}
</style>




<style type = "text/css">
.main-container {
  max-width: 940px;
  margin-left: auto;
  margin-right: auto;
}
code {
  color: inherit;
  background-color: rgba(0, 0, 0, 0.04);
}
img {
  max-width:100%;
  height: auto;
}
.tabbed-pane {
  padding-top: 12px;
}
.html-widget {
  margin-bottom: 20px;
}
button.code-folding-btn:focus {
  outline: none;
}
summary {
  display: list-item;
}
</style>


<style type="text/css">
/* padding for bootstrap navbar */
body {
  padding-top: 60px;
  padding-bottom: 40px;
}
/* offset scroll position for anchor links (for fixed navbar)  */
.section h1 {
  padding-top: 65px;
  margin-top: -65px;
}
.section h2 {
  padding-top: 65px;
  margin-top: -65px;
}
.section h3 {
  padding-top: 65px;
  margin-top: -65px;
}
.section h4 {
  padding-top: 65px;
  margin-top: -65px;
}
.section h5 {
  padding-top: 65px;
  margin-top: -65px;
}
.section h6 {
  padding-top: 65px;
  margin-top: -65px;
}
.dropdown-submenu {
  position: relative;
}
.dropdown-submenu>.dropdown-menu {
  top: 0;
  left: 100%;
  margin-top: -6px;
  margin-left: -1px;
  border-radius: 0 6px 6px 6px;
}
.dropdown-submenu:hover>.dropdown-menu {
  display: block;
}
.dropdown-submenu>a:after {
  display: block;
  content: " ";
  float: right;
  width: 0;
  height: 0;
  border-color: transparent;
  border-style: solid;
  border-width: 5px 0 5px 5px;
  border-left-color: #cccccc;
  margin-top: 5px;
  margin-right: -10px;
}
.dropdown-submenu:hover>a:after {
  border-left-color: #ffffff;
}
.dropdown-submenu.pull-left {
  float: none;
}
.dropdown-submenu.pull-left>.dropdown-menu {
  left: -100%;
  margin-left: 10px;
  border-radius: 6px 0 6px 6px;
}
</style>

<script>
// manage active state of menu based on current page
$(document).ready(function () {
  // active menu anchor
  href = window.location.pathname
  href = href.substr(href.lastIndexOf('/') + 1)
  if (href === "")
    href = "index.html";
  var menuAnchor = $('a[href="' + href + '"]');

  // mark it active
  menuAnchor.parent().addClass('active');

  // if it's got a parent navbar menu mark it active as well
  menuAnchor.closest('li.dropdown').addClass('active');
});
</script>

<!-- tabsets -->

<style type="text/css">
.tabset-dropdown > .nav-tabs {
  display: inline-table;
  max-height: 500px;
  min-height: 44px;
  overflow-y: auto;
  background: white;
  border: 1px solid #ddd;
  border-radius: 4px;
}

.tabset-dropdown > .nav-tabs > li.active:before {
  content: "";
  font-family: 'Glyphicons Halflings';
  display: inline-block;
  padding: 10px;
  border-right: 1px solid #ddd;
}

.tabset-dropdown > .nav-tabs.nav-tabs-open > li.active:before {
  content: "&#xe258;";
  border: none;
}

.tabset-dropdown > .nav-tabs.nav-tabs-open:before {
  content: "";
  font-family: 'Glyphicons Halflings';
  display: inline-block;
  padding: 10px;
  border-right: 1px solid #ddd;
}

.tabset-dropdown > .nav-tabs > li.active {
  display: block;
}

.tabset-dropdown > .nav-tabs > li > a,
.tabset-dropdown > .nav-tabs > li > a:focus,
.tabset-dropdown > .nav-tabs > li > a:hover {
  border: none;
  display: inline-block;
  border-radius: 4px;
}

.tabset-dropdown > .nav-tabs.nav-tabs-open > li {
  display: block;
  float: none;
}

.tabset-dropdown > .nav-tabs > li {
  display: none;
}
</style>

<script>
$(document).ready(function () {
  window.buildTabsets("TOC");
});

$(document).ready(function () {
  $('.tabset-dropdown > .nav-tabs > li').click(function () {
    $(this).parent().toggleClass('nav-tabs-open')
  });
});
</script>

<!-- code folding -->
<style type="text/css">
.code-folding-btn { margin-bottom: 4px; }
</style>
<script>
$(document).ready(function () {
  window.initializeCodeFolding("hide" === "show");
});
</script>



<script>
$(document).ready(function ()  {

    // move toc-ignore selectors from section div to header
    $('div.section.toc-ignore')
        .removeClass('toc-ignore')
        .children('h1,h2,h3,h4,h5').addClass('toc-ignore');

    // establish options
    var options = {
      selectors: "h1,h2,h3",
      theme: "bootstrap3",
      context: '.toc-content',
      hashGenerator: function (text) {
        return text.replace(/[.\\/?&!#<>]/g, '').replace(/\s/g, '_').toLowerCase();
      },
      ignoreSelector: ".toc-ignore",
      scrollTo: 0
    };
    options.showAndHide = true;
    options.smoothScroll = true;

    // tocify
    var toc = $("#TOC").tocify(options).data("toc-tocify");
});
</script>

<style type="text/css">

#TOC {
  margin: 25px 0px 20px 0px;
}
@media (max-width: 768px) {
#TOC {
  position: relative;
  width: 100%;
}
}


.toc-content {
  padding-left: 30px;
  padding-right: 40px;
}

div.main-container {
  max-width: 1200px;
}

div.tocify {
  width: 20%;
  max-width: 260px;
  max-height: 85%;
}

@media (min-width: 768px) and (max-width: 991px) {
  div.tocify {
    width: 25%;
  }
}

@media (max-width: 767px) {
  div.tocify {
    width: 100%;
    max-width: none;
  }
}

.tocify ul, .tocify li {
  line-height: 20px;
}

.tocify-subheader .tocify-item {
  font-size: 0.90em;
}

.tocify .list-group-item {
  border-radius: 0px;
}


</style>



</head>

<body>


<div class="container-fluid main-container">


<!-- setup 3col/9col grid for toc_float and main content  -->
<div class="row-fluid">
<div class="col-xs-12 col-sm-4 col-md-3">
<div id="TOC" class="tocify">
</div>
</div>

<div class="toc-content col-xs-12 col-sm-8 col-md-9">




<div class="navbar navbar-default  navbar-fixed-top" role="navigation">
  <div class="container">
    <div class="navbar-header">
      <button type="button" class="navbar-toggle collapsed" data-toggle="collapse" data-target="#navbar">
        <span class="icon-bar"></span>
        <span class="icon-bar"></span>
        <span class="icon-bar"></span>
      </button>
      <a class="navbar-brand" href="index.html">JSM 2019</a>
    </div>
    <div id="navbar" class="navbar-collapse collapse">
      <ul class="nav navbar-nav">
        <li>
  <a href="index.html">Home</a>
</li>
<li class="dropdown">
  <a href="#" class="dropdown-toggle" data-toggle="dropdown" role="button" aria-expanded="false">
    Short Course
     
    <span class="caret"></span>
  </a>
  <ul class="dropdown-menu" role="menu">
    <li>
      <a href="shortcourse_data.html">Data and Code</a>
    </li>
    <li>
      <a href="shortcourse_wearables_overview.html">Wearables: overview</a>
    </li>
    <li>
      <a href="shortcourse_notation.html">Notation</a>
    </li>
    <li>
      <a href="shortcourse_fpca.html">Functional PCA</a>
    </li>
    <li>
      <a href="shortcourse_sofr.html">Scalar-on-Function Regression</a>
    </li>
    <li>
      <a href="shortcourse_fosr.html">Function-on-Scalar Regression</a>
    </li>
    <li>
      <a href="shortcourse_other_functional_approaches.html">Other Functional Approaches</a>
    </li>
    <li>
      <a href="shortcourse_wearables_non-functional_approaches.html">Wearables: Non-Functional methods</a>
    </li>
  </ul>
</li>
      </ul>
      <ul class="nav navbar-nav navbar-right">
        <li>
  <a href="about.html">About</a>
</li>
<li>
  <a href="http://github.com/jeff-goldsmith/JSM">
    <span class="fa fa-github fa-lg"></span>
     
  </a>
</li>
      </ul>
    </div><!--/.nav-collapse -->
  </div><!--/.container -->
</div><!--/.navbar -->

<div class="fluid-row" id="header">

<div class="btn-group pull-right">
<button type="button" class="btn btn-default btn-xs dropdown-toggle" data-toggle="dropdown" aria-haspopup="true" aria-expanded="false"><span>Code</span> <span class="caret"></span></button>
<ul class="dropdown-menu" style="min-width: 50px;">
<li><a id="rmd-show-all-code" href="#">Show All Code</a></li>
<li><a id="rmd-hide-all-code" href="#">Hide All Code</a></li>
</ul>
</div>



<h1 class="title toc-ignore">Functional PCA</h1>

</div>


<p>This page contains a combination of traditional lecture materials (slides) and code demonstrating the relevant methods. The short course will proceed by working through both. We will use several recent packages in our examples; see the <a href="./About.html">About</a> page for information about the package versions.</p>
<pre class="r"><code>library(tidyverse)
## Registered S3 methods overwritten by &#39;ggplot2&#39;:
##   method         from 
##   [.quosures     rlang
##   c.quosures     rlang
##   print.quosures rlang
## ── Attaching packages ─────────────────────────────────────────────────────────── tidyverse 1.2.1 ──
## ✔ ggplot2 3.1.1     ✔ purrr   0.3.2
## ✔ tibble  2.1.2     ✔ dplyr   0.8.1
## ✔ tidyr   0.8.3     ✔ stringr 1.4.0
## ✔ readr   1.3.1     ✔ forcats 0.4.0
## ── Conflicts ────────────────────────────────────────────────────────────── tidyverse_conflicts() ──
## ✖ dplyr::filter() masks stats::filter()
## ✖ dplyr::lag()    masks stats::lag()
library(grpreg)
## 
## Attaching package: &#39;grpreg&#39;
## The following object is masked from &#39;package:dplyr&#39;:
## 
##     select
library(splines)
library(refund)
library(refund.shiny)
library(reshape2)
## 
## Attaching package: &#39;reshape2&#39;
## The following object is masked from &#39;package:tidyr&#39;:
## 
##     smiths
library(plotly)
## 
## Attaching package: &#39;plotly&#39;
## The following object is masked from &#39;package:grpreg&#39;:
## 
##     select
## The following object is masked from &#39;package:ggplot2&#39;:
## 
##     last_plot
## The following object is masked from &#39;package:stats&#39;:
## 
##     filter
## The following object is masked from &#39;package:graphics&#39;:
## 
##     layout</code></pre>
<p>In this section, we will use the <a href="./shortcourse_data.html">NHANES_JSM_2019</a> data to illustrate scalar on function regression (sofr).</p>
<div id="nhanes-data" class="section level2">
<h2>NHANES data</h2>
<p>The participant-specific daily activity profiles have been created by i) log-transforming minute level counts per minute, ii) calculating hourly total activity count (hTAC), iii) averaging the hTAC over all available days. Thus, a participant-specific daily activity profile is represented by 24 points.</p>
<p>First, we to plot all participant-specific daily activity profiles:</p>
<p><span class="math display">\[x_i(t), t = 1,\ldots, 24\]</span></p>
<pre class="r"><code>#load(&quot;./DataCode/JSM_2019_NHANES.RDA&quot;)
load(&quot;./DataCode/NHANES_JSM_2019.RData&quot;)

hTAC = as.matrix(hTAC)
n = dim(hTAC)[1] # number of participants
col.light = rgb(0, 0, 0, alpha = 8, maxColorValue = 255)
x.range = 1:24

## plot all profiles 
plot(x.range, hTAC[1,], type = &quot;n&quot;, ylim = range(hTAC), xaxt = &quot;n&quot;, ylab = &quot;Log of Activity Counts&quot;, xlab = &quot;Hour&quot;, col = col.light, main = &quot;Diurnal Profiles&quot;)
for(i in 2:n) lines(1:24, hTAC[i,], col = col.light, type = &quot;l&quot;, lwd = 1)
axis(1, at = c(1, 4, 8, 12, 16, 20, 24), labels = c(&quot;01:00&quot;, &quot;04:00&quot;, &quot;08:00&quot;, &quot;12:00&quot;, &quot;16:00&quot;, &quot;20:00&quot;, &quot;24:00&quot;))
abline(v = 1:24, col = &quot;gray&quot;, lty = &quot;dotted&quot;)</code></pre>
<p><img src="shortcourse_fpca_files/figure-html/nhanes_all_subjects-1.png" width="768" /></p>
</div>
<div id="marginal-information" class="section level2">
<h2>Marginal information</h2>
<p>One way to look at the marginal information is by looking at <strong>marginal hour-specific means and standard deviations</strong>. Below, we add the mean curve and plus/minus 1.96 times standard deviations curves</p>
<pre class="r"><code>hTAC.mean &lt;- apply(hTAC, 2, mean)
hTAC.sd &lt;- apply(hTAC, 2, sd)

## plot all profiles 
plot(x.range, hTAC[1,], type = &quot;n&quot;, ylim = range(hTAC), xaxt = &quot;n&quot;, ylab = &quot;Log of Activity Counts&quot;, xlab = &quot;Hour&quot;, col = col.light, main = &quot;Diurnal Profiles&quot;)
for(i in 2:n) lines(x.range, hTAC[i,], col = col.light, type = &quot;l&quot;, lwd = 1)
lines(x.range, hTAC.mean, col = &quot;blue&quot;, type = &quot;l&quot;, lwd = 2)
lines(x.range, hTAC.mean + 1.96*hTAC.sd, col = &quot;blue&quot;, type = &quot;l&quot;, lty = &quot;dashed&quot;, lwd = 2)
lines(x.range, hTAC.mean - 1.96*hTAC.sd, col = &quot;blue&quot;, type = &quot;l&quot;, lty = &quot;dashed&quot;, lwd = 2)
axis(1, at = c(1, 4, 8, 12, 16, 20, 24), labels = c(&quot;01:00&quot;, &quot;04:00&quot;, &quot;08:00&quot;, &quot;12:00&quot;, &quot;16:00&quot;, &quot;20:00&quot;, &quot;24:00&quot;))
abline(v = 1:24, col = &quot;gray&quot;, lty = &quot;dotted&quot;)</code></pre>
<p><img src="shortcourse_fpca_files/figure-html/nhanes_all_subjects_01-1.png" width="768" /></p>
<div id="sample-summaries" class="section level3">
<h3>Sample summaries</h3>
<p>We can calculate <strong>hour-specific sample mean</strong> as</p>
<p><span class="math display">\[\bar{x}(t)= \frac{1}{n}\sum_{i=1}^n x_i(t)\]</span></p>
<p>the <strong>hour-specific sample variance</strong> as</p>
<p><span class="math display">\[\widehat{Var}(x(t)) = \frac{1}{n}\sum_{i=1}^n (x_i(t)-\bar{x}(t))^2\]</span></p>
<p>and the <strong>total sample variation</strong> as</p>
<p><span class="math display">\[\sum_{t=1}^T \widehat{Var}(x(t)) = \frac{1}{n}\sum_{t=1}^T 
  \sum_{i=1}^n (x_i(t)-\bar{x}(t))^2\]</span></p>
<blockquote>
<p>PCA treats the total variation as total information</p>
</blockquote>
</div>
<div id="sample-covariance-and-correlation-matrixes" class="section level3">
<h3>Sample covariance and correlation matrixes</h3>
<p><strong>Sample covariance matrix</strong> is defined as</p>
<p><span class="math display">\[\hat{\Sigma}(t,s) = \widehat{Cov}(x(t), x(s)) = \frac{1}{n}\sum_{i=1}^n (x_i(t)-\bar{x}(t))(x_i(s)-\bar{x}(s)), \quad s,t = 1,\ldots, 24\]</span></p>
<pre class="r"><code>  ## plot the covariance surface
  hTAC.cov = cov(hTAC)
  plot_ly(z = ~hTAC.cov) %&gt;% add_surface()</code></pre>
<p><div id="htmlwidget-e33b41b2d89ed0aaa7bb" style="width:768px;height:384px;" class="plotly html-widget"></div>
<script type="application/json" data-for="htmlwidget-e33b41b2d89ed0aaa7bb">{"x":{"visdat":{"429f250a926d":["function () ","plotlyVisDat"]},"cur_data":"429f250a926d","attrs":{"429f250a926d":{"z":{},"alpha_stroke":1,"sizes":[10,100],"spans":[1,20],"type":"surface","inherit":true}},"layout":{"margin":{"b":40,"l":60,"t":25,"r":10},"scene":{"zaxis":{"title":"hTAC.cov"}},"hovermode":"closest","showlegend":false,"legend":{"yanchor":"top","y":0.5}},"source":"A","config":{"showSendToCloud":false},"data":[{"colorbar":{"title":"hTAC.cov","ticklen":2,"len":0.5,"lenmode":"fraction","y":1,"yanchor":"top"},"colorscale":[["0","rgba(68,1,84,1)"],["0.0416666666666667","rgba(70,19,97,1)"],["0.0833333333333333","rgba(72,32,111,1)"],["0.125","rgba(71,45,122,1)"],["0.166666666666667","rgba(68,58,128,1)"],["0.208333333333333","rgba(64,70,135,1)"],["0.25","rgba(60,82,138,1)"],["0.291666666666667","rgba(56,93,140,1)"],["0.333333333333333","rgba(49,104,142,1)"],["0.375","rgba(46,114,142,1)"],["0.416666666666667","rgba(42,123,142,1)"],["0.458333333333333","rgba(38,133,141,1)"],["0.5","rgba(37,144,140,1)"],["0.541666666666667","rgba(33,154,138,1)"],["0.583333333333333","rgba(39,164,133,1)"],["0.625","rgba(47,174,127,1)"],["0.666666666666667","rgba(53,183,121,1)"],["0.708333333333333","rgba(79,191,110,1)"],["0.75","rgba(98,199,98,1)"],["0.791666666666667","rgba(119,207,85,1)"],["0.833333333333333","rgba(147,214,70,1)"],["0.875","rgba(172,220,52,1)"],["0.916666666666667","rgba(199,225,42,1)"],["0.958333333333333","rgba(226,228,40,1)"],["1","rgba(253,231,37,1)"]],"showscale":true,"z":[[1195.23899278968,826.855918706608,637.470450568347,519.033250925866,461.345849581271,321.40697938591,53.0223277712679,-295.820970074508,-564.778424809132,-658.687884646166,-597.920845748993,-503.068862476114,-335.342799046346,-248.973469140394,-205.657290099726,-125.772108899024,-61.5650061226059,-9.91346109897285,139.272229507424,384.43130011651,578.359222671485,834.15496101861,1135.21654088944,1244.55265597734],[826.855918706608,793.110441547233,644.049067945788,537.878781109086,504.959006658242,418.575792555542,234.449568432976,-66.9857693517636,-315.141084506166,-438.729342568063,-458.307020432211,-429.041489008175,-319.596948721869,-261.726759284937,-241.194859226093,-186.486108563557,-139.417559487269,-100.45058928779,-17.4656503199407,141.776208084321,257.669452327802,453.695062448052,689.90141561801,798.987160993346],[637.470450568347,644.049067945788,687.707331249731,588.38981927616,562.135138653343,498.30930135023,356.782087827833,79.5835145191651,-151.630641600698,-302.070147127818,-355.311856427348,-372.274254432531,-292.196363472307,-274.138646254527,-260.66386647577,-239.219537524325,-198.03249981036,-173.337202122357,-126.191862075402,-3.22369565213421,100.163125378455,261.382308859574,470.756993396256,586.608324137768],[519.033250925866,537.878781109086,588.38981927616,778.045340917964,808.079834613756,715.095967537316,544.929696124138,252.248412526244,19.4489264430591,-168.397035759255,-255.480855284174,-273.786410782708,-214.211028375725,-239.810803300072,-218.590074354257,-214.501852787873,-182.437915251042,-197.929140119623,-168.586184012878,-60.8076009425842,15.8674656704618,145.91201763484,322.544762217753,446.574179325641],[461.345849581271,504.959006658242,562.135138653343,808.079834613756,1303.12579797397,1365.30775606689,1185.81487312109,793.4719045394,427.943303911516,136.588005050243,-16.2702411832965,-105.70222225177,-64.0283399925406,-117.676869615405,-121.617694884786,-158.448389927914,-148.24035631006,-210.55428388906,-230.174864960364,-159.238474118646,-136.742235045583,-28.533540643028,171.258552926276,342.721417978041],[321.40697938591,418.575792555542,498.30930135023,715.095967537316,1365.30775606689,2702.25458557089,2805.81658462017,2140.37142616977,1394.38265073615,820.225415320927,535.240779415197,270.993911145689,258.674067299379,194.514191496274,188.662161479573,120.188097788925,29.9620282848025,-85.6205235477422,-231.481460797347,-282.083136399519,-365.270969596558,-342.396480466606,-155.798350673464,89.8401162195018],[53.0223277712679,234.449568432976,356.782087827833,544.929696124138,1185.81487312109,2805.81658462017,5456.35277711696,4897.18225860135,3433.50967146881,2258.07393845128,1629.18680875419,1085.3804208479,852.074791454151,782.372932000561,723.314629588567,705.764051242458,504.168719951406,197.615324297492,-103.130515554242,-372.776523389267,-553.622738266748,-680.767379235463,-606.031261985776,-342.425252171974],[-295.820970074508,-66.9857693517636,79.5835145191651,252.248412526244,793.4719045394,2140.37142616977,4897.18225860135,7584.96973185675,6002.40939848278,4087.17726183471,2989.49612883961,2234.78728933762,1647.13766664707,1490.23840320001,1319.00427125767,1344.53555111919,1129.59620144124,714.828922600904,162.510958882952,-355.514226583812,-669.039291716841,-995.386356785675,-1113.8843448676,-835.76198968542],[-564.778424809132,-315.141084506166,-151.630641600698,19.4489264430591,427.943303911516,1394.38265073615,3433.50967146881,6002.40939848278,7563.10041342627,5516.07413864105,4090.3848437715,3109.78380362321,2255.37156123191,2052.06966874198,1771.44752945008,1756.8602576815,1530.84685377093,1136.47246050357,518.307974950514,-199.781863486271,-640.254454637172,-1056.21323757295,-1277.00999606585,-1089.93245004748],[-658.687884646166,-438.729342568063,-302.070147127818,-168.397035759255,136.588005050243,820.225415320927,2258.07393845128,4087.17726183471,5516.07413864105,6356.56891835999,4778.66576996758,3658.41176981399,2676.14819149957,2406.26462502793,2112.77877038649,2031.53384871444,1744.37101436469,1331.64486281168,823.251845832587,125.553303833446,-400.207690796142,-867.340769931355,-1178.70105343522,-1109.66886402973],[-597.920845748993,-458.307020432211,-355.311856427348,-255.480855284174,-16.2702411832965,535.240779415197,1629.18680875419,2989.49612883961,4090.3848437715,4778.66576996758,5367.73863548264,4054.58495350393,3046.19572422862,2788.90595092878,2478.92486829118,2328.53345623715,2056.99482170422,1651.46901397141,1292.3018383762,636.413283371831,62.8644897706072,-468.549276542267,-891.613066530036,-905.322398088603],[-503.068862476114,-429.041489008175,-372.274254432531,-273.786410782708,-105.70222225177,270.993911145689,1085.3804208479,2234.78728933762,3109.78380362321,3658.41176981399,4054.58495350393,4781.43618290892,3448.72885256399,3029.82585649442,2653.2815019773,2485.57037619721,2291.58911961469,1892.56571949634,1580.35474044639,1062.5652491807,533.53039252943,-2.64325011500528,-513.498690861373,-648.206353654493],[-335.342799046346,-319.596948721869,-292.196363472307,-214.211028375725,-64.0283399925406,258.674067299379,852.074791454151,1647.13766664707,2255.37156123191,2676.14819149957,3046.19572422862,3448.72885256399,4206.8514285163,3206.76980669215,2722.53414215136,2473.85747773869,2327.66937508927,2069.40477059328,1828.15417880045,1385.05115181759,936.473425898978,459.569532335015,-89.149987346977,-331.657867363263],[-248.973469140394,-261.726759284937,-274.138646254527,-239.810803300072,-117.676869615405,194.514191496274,782.372932000561,1490.23840320001,2052.06966874198,2406.26462502793,2788.90595092878,3029.82585649442,3206.76980669215,4240.95219502757,3356.47935269689,2834.39753659332,2532.57396138984,2131.65511017594,1904.82034157081,1491.21719630396,1041.39340961943,589.820444171501,65.0691552249115,-139.755487791304],[-205.657290099726,-241.194859226093,-260.66386647577,-218.590074354257,-121.617694884786,188.662161479573,723.314629588567,1319.00427125767,1771.44752945008,2112.77877038649,2478.92486829118,2653.2815019773,2722.53414215136,3356.47935269689,4275.04202121613,3321.36390740046,2720.65546850891,2248.67983463895,2002.25789640526,1607.7948156602,1194.41432917989,732.279795467288,204.179856572079,-51.5544999810351],[-125.772108899024,-186.486108563557,-239.219537524325,-214.501852787873,-158.448389927914,120.188097788925,705.764051242458,1344.53555111919,1756.8602576815,2031.53384871444,2328.53345623715,2485.57037619721,2473.85747773869,2834.39753659332,3321.36390740046,4205.99824096687,3200.70313821416,2513.2942137329,2153.96100263439,1664.18848370096,1255.75236861644,792.002438822203,277.180372182176,41.4330445347593],[-61.5650061226059,-139.417559487269,-198.03249981036,-182.437915251042,-148.24035631006,29.9620282848025,504.168719951406,1129.59620144124,1530.84685377093,1744.37101436469,2056.99482170422,2291.58911961469,2327.66937508927,2532.57396138984,2720.65546850891,3200.70313821416,4050.02340061757,2997.61149808112,2490.1647435227,1989.94579089711,1541.83153394206,1010.06313069287,452.569318927148,136.0048600907],[-9.91346109897285,-100.45058928779,-173.337202122357,-197.929140119623,-210.55428388906,-85.6205235477422,197.615324297492,714.828922600904,1136.47246050357,1331.64486281168,1651.46901397141,1892.56571949634,2069.40477059328,2131.65511017594,2248.67983463895,2513.2942137329,2997.61149808112,3888.51016564222,2966.87043584068,2397.99714659582,1870.25911595089,1330.94378142409,651.880028176679,270.419224187905],[139.272229507424,-17.4656503199407,-126.191862075402,-168.586184012878,-230.174864960364,-231.481460797347,-103.130515554242,162.510958882952,518.307974950514,823.251845832587,1292.3018383762,1580.35474044639,1828.15417880045,1904.82034157081,2002.25789640526,2153.96100263439,2490.1647435227,2966.87043584068,4171.96285638971,3210.24627096767,2584.90437333661,1824.70475736873,1007.62135772449,523.427258331256],[384.43130011651,141.776208084321,-3.22369565213421,-60.8076009425842,-159.238474118646,-282.083136399519,-372.776523389267,-355.514226583812,-199.781863486271,125.553303833446,636.413283371831,1062.5652491807,1385.05115181759,1491.21719630396,1607.7948156602,1664.18848370096,1989.94579089711,2397.99714659582,3210.24627096767,4398.62809249678,3517.50501909992,2551.09359841835,1557.05571664676,908.161551668416],[578.359222671485,257.669452327802,100.163125378455,15.8674656704618,-136.742235045583,-365.270969596558,-553.622738266748,-669.039291716841,-640.254454637172,-400.207690796142,62.8644897706072,533.53039252943,936.473425898978,1041.39340961943,1194.41432917989,1255.75236861644,1541.83153394206,1870.25911595089,2584.90437333661,3517.50501909992,4451.14599051891,3348.05804651195,2108.56150490711,1249.17458011678],[834.15496101861,453.695062448052,261.382308859574,145.91201763484,-28.533540643028,-342.396480466606,-680.767379235463,-995.386356785675,-1056.21323757295,-867.340769931355,-468.549276542267,-2.64325011500528,459.569532335015,589.820444171501,732.279795467288,792.002438822203,1010.06313069287,1330.94378142409,1824.70475736873,2551.09359841835,3348.05804651195,4079.34198137252,2828.6622737821,1746.60528546549],[1135.21654088944,689.90141561801,470.756993396256,322.544762217753,171.258552926276,-155.798350673464,-606.031261985776,-1113.8843448676,-1277.00999606585,-1178.70105343522,-891.613066530036,-513.498690861373,-89.149987346977,65.0691552249115,204.179856572079,277.180372182176,452.569318927148,651.880028176679,1007.62135772449,1557.05571664676,2108.56150490711,2828.6622737821,3192.32054131272,2177.3597583329],[1244.55265597734,798.987160993346,586.608324137768,446.574179325641,342.721417978041,89.8401162195018,-342.425252171974,-835.76198968542,-1089.93245004748,-1109.66886402973,-905.322398088603,-648.206353654493,-331.657867363263,-139.755487791304,-51.5544999810351,41.4330445347593,136.0048600907,270.419224187905,523.427258331256,908.161551668416,1249.17458011678,1746.60528546549,2177.3597583329,2221.86612577239]],"type":"surface","frame":null}],"highlight":{"on":"plotly_click","persistent":false,"dynamic":false,"selectize":false,"opacityDim":0.2,"selected":{"opacity":1},"debounce":0},"shinyEvents":["plotly_hover","plotly_click","plotly_selected","plotly_relayout","plotly_brushed","plotly_brushing","plotly_clickannotation","plotly_doubleclick","plotly_deselect","plotly_afterplot"],"base_url":"https://plot.ly"},"evals":[],"jsHooks":[]}</script> <strong>Sample correlation matrix</strong> is defined as</p>
<p><span class="math display">\[\widehat{Corr}(x(t), x(s)) = \frac{\widehat{Cov}(x(t), x(s))}{\sqrt{\widehat{Cov}(x(t))\widehat{Cov}(x(s))}}, \quad s,t = 1,\ldots, 24\]</span></p>
<pre class="r"><code>  ## plot the covariance surface
  hTAC.cor = cor(hTAC)
  plot_ly(z = ~hTAC.cor) %&gt;% add_surface()</code></pre>
<div id="htmlwidget-35c0202daf47c96056a2" style="width:768px;height:384px;" class="plotly html-widget"></div>
